0	0	|	0	0	0	0	0	0	0	0	0	0	
0	1	|	0	0.1	0.1	0.098	0.094	0.0881	0.0665	0.0445	0.0245	0.0089	
0	2	|	0	0.1	0.2	0.202	0.2	0.194	0.1504	0.1045	0.0609	0.0245	
0	3	|	0	0.098	0.202	0.3	0.306	0.306	0.2424	0.1728	0.1045	0.0445	
0	4	|	0	0.094	0.2	0.306	0.4	0.4119	0.3327	0.2424	0.1504	0.0665	
0	5	|	0	0.0881	0.194	0.306	0.4119	0.5	0.4119	0.306	0.194	0.0881	
0	6	|	0	0.0665	0.1504	0.2424	0.3327	0.4119	0.4	0.306	0.2	0.094	
0	7	|	0	0.0445	0.1045	0.1728	0.2424	0.306	0.306	0.3	0.202	0.098	
0	8	|	0	0.0245	0.0609	0.1045	0.1504	0.194	0.2	0.202	0.2	0.1	
0	9	|	0	0.0089	0.0245	0.0445	0.0665	0.0881	0.094	0.098	0.1	0.1	
1	1	|	0.1	0	0	0	0	0	0	0	0	0	
1	2	|	0.1	0	0.1	0.1	0.098	0.094	0.0744	0.0528	0.0316	0.0132	
1	3	|	0.098	0.002	0.102	0.202	0.204	0.202	0.1632	0.1188	0.0736	0.0324	
1	4	|	0.094	0.006	0.104	0.208	0.306	0.3119	0.2567	0.1907	0.1212	0.0552	
1	5	|	0.0881	0.0119	0.106	0.2119	0.3179	0.4119	0.3455	0.2615	0.1696	0.0792	
1	6	|	0.0665	0.0335	0.108	0.1947	0.2843	0.3671	0.3335	0.2591	0.1723	0.0828	
1	7	|	0.0445	0.0555	0.1084	0.1723	0.2403	0.3051	0.2811	0.2555	0.1743	0.086	
1	8	|	0.0245	0.0755	0.1072	0.1472	0.1907	0.2331	0.2143	0.1943	0.1755	0.0888	
1	9	|	0.0089	0.0911	0.1044	0.1216	0.1404	0.1584	0.1404	0.1216	0.1044	0.0911	
2	2	|	0.2	0	0	0	0	0	0	0	0	0	
2	3	|	0.202	-0.002	-0.002	0.098	0.098	0.096	0.0792	0.0588	0.0372	0.0168	
2	4	|	0.2	-0.002	0	0.1	0.2	0.202	0.1696	0.1284	0.0832	0.0388	
2	5	|	0.194	0	0.006	0.104	0.208	0.306	0.2615	0.2015	0.1331	0.0636	
2	6	|	0.1504	0.024	0.0496	0.1307	0.2191	0.3051	0.2496	0.1967	0.1327	0.0648	
2	7	|	0.1045	0.0484	0.0955	0.1563	0.2239	0.291	0.2427	0.1955	0.1347	0.0672	
2	8	|	0.0609	0.0707	0.1391	0.1783	0.2223	0.2663	0.2223	0.1783	0.1391	0.0707	
2	9	|	0.0245	0.0888	0.1755	0.1943	0.2143	0.2331	0.1907	0.1472	0.1072	0.0755	
3	3	|	0.3	0	0	0	0	0	0	0	0	0	
3	4	|	0.306	-0.004	-0.006	-0.006	0.094	0.094	0.0808	0.0624	0.0412	0.0196	
3	5	|	0.306	-0.006	-0.008	-0.006	0.094	0.194	0.1696	0.1331	0.0896	0.0436	
3	6	|	0.2424	0.0188	0.0388	0.0576	0.1444	0.2331	0.1576	0.126	0.086	0.0424	
3	7	|	0.1728	0.044	0.088	0.1272	0.1955	0.2663	0.1955	0.1272	0.088	0.044	
3	8	|	0.1045	0.0672	0.1347	0.1955	0.2427	0.291	0.2239	0.1563	0.0955	0.0484	
3	9	|	0.0445	0.086	0.1743	0.2555	0.2811	0.3051	0.2403	0.1723	0.1084	0.0555	
4	4	|	0.4	0	0	0	0	0	0	0	0	0	
4	5	|	0.4119	-0.006	-0.01	-0.0119	-0.0119	0.0881	0.0792	0.0636	0.0436	0.0216	
4	6	|	0.3327	0.018	0.0368	0.054	0.0673	0.1584	0.0673	0.054	0.0368	0.018	
4	7	|	0.2424	0.0424	0.086	0.126	0.1576	0.2331	0.1444	0.0576	0.0388	0.0188	
4	8	|	0.1504	0.0648	0.1327	0.1967	0.2496	0.3051	0.2191	0.1307	0.0496	0.024	
4	9	|	0.0665	0.0828	0.1723	0.2591	0.3335	0.3671	0.2843	0.1947	0.108	0.0335	
5	5	|	0.5	0	0	0	0	0	0	0	0	0	
5	6	|	0.4119	0.0216	0.0436	0.0636	0.0792	0.0881	-0.0119	-0.0119	-0.01	-0.006	
5	7	|	0.306	0.0436	0.0896	0.1331	0.1696	0.194	0.094	-0.006	-0.008	-0.006	
5	8	|	0.194	0.0636	0.1331	0.2015	0.2615	0.306	0.208	0.104	0.006	0	
5	9	|	0.0881	0.0792	0.1696	0.2615	0.3455	0.4119	0.3179	0.2119	0.106	0.0119	
6	6	|	0.4	0	0	0	0	0	0	0	0	0	
6	7	|	0.306	0.0196	0.0412	0.0624	0.0808	0.094	0.094	-0.006	-0.006	-0.004	
6	8	|	0.2	0.0388	0.0832	0.1284	0.1696	0.202	0.2	0.1	0	-0.002	
6	9	|	0.094	0.0552	0.1212	0.1907	0.2567	0.3119	0.306	0.208	0.104	0.006	
7	7	|	0.3	0	0	0	0	0	0	0	0	0	
7	8	|	0.202	0.0168	0.0372	0.0588	0.0792	0.096	0.098	0.098	-0.002	-0.002	
7	9	|	0.098	0.0324	0.0736	0.1188	0.1632	0.202	0.204	0.202	0.102	0.002	
8	8	|	0.2	0	0	0	0	0	0	0	0	0	
8	9	|	0.1	0.0132	0.0316	0.0528	0.0744	0.094	0.098	0.1	0.1	0	
9	9	|	0.1	0	0	0	0	0	0	0	0	0	
