0	0	|	0	0	0	0	0	0	0	
0	1	|	0	0.1429	0.1429	0.1429	0.1224	0.0816	0.0408	
0	2	|	0	0.1429	0.2857	0.2857	0.2449	0.1633	0.0816	
0	3	|	0	0.1429	0.2857	0.4286	0.3673	0.2449	0.1224	
0	4	|	0	0.1224	0.2449	0.3673	0.4286	0.2857	0.1429	
0	5	|	0	0.0816	0.1633	0.2449	0.2857	0.2857	0.1429	
0	6	|	0	0.0408	0.0816	0.1224	0.1429	0.1429	0.1429	
1	1	|	0.1429	0	0	0	0	0	0	
1	2	|	0.1429	0	0.1429	0.1429	0.1224	0.0816	0.0408	
1	3	|	0.1429	0	0.1429	0.2857	0.2449	0.1633	0.0816	
1	4	|	0.1224	0.0204	0.1429	0.2653	0.3061	0.2041	0.102	
1	5	|	0.0816	0.0612	0.1429	0.2245	0.2449	0.2041	0.102	
1	6	|	0.0408	0.102	0.1429	0.1837	0.1837	0.1429	0.102	
2	2	|	0.2857	0	0	0	0	0	0	
2	3	|	0.2857	0	0	0.1429	0.1224	0.0816	0.0408	
2	4	|	0.2449	0.0204	0.0408	0.1633	0.1837	0.1224	0.0612	
2	5	|	0.1633	0.0612	0.1224	0.2041	0.2041	0.1224	0.0612	
2	6	|	0.0816	0.102	0.2041	0.2449	0.2245	0.1429	0.0612	
3	3	|	0.4286	0	0	0	0	0	0	
3	4	|	0.3673	0.0204	0.0408	0.0612	0.0612	0.0408	0.0204	
3	5	|	0.2449	0.0612	0.1224	0.1837	0.1633	0.0408	0.0204	
3	6	|	0.1224	0.102	0.2041	0.3061	0.2653	0.1429	0.0204	
4	4	|	0.4286	0	0	0	0	0	0	
4	5	|	0.2857	0.0408	0.0816	0.1224	0.1429	0	0	
4	6	|	0.1429	0.0816	0.1633	0.2449	0.2857	0.1429	0	
5	5	|	0.2857	0	0	0	0	0	0	
5	6	|	0.1429	0.0408	0.0816	0.1224	0.1429	0.1429	0	
6	6	|	0.1429	0	0	0	0	0	0	
